-- Mount Game

return function(ui)
    local Players = game:GetService("Players")
    local plr = Players.LocalPlayer
    local hrp

    plr.CharacterAdded:Connect(function(char)
        hrp = char:WaitForChild("HumanoidRootPart")
    end)

    if plr.Character then
        hrp = plr.Character:FindFirstChild("HumanoidRootPart")
    end

    local cps = {
        CP0 = CFrame.new(-15, 25.435009002685548, 25, 0, 0, -1, 0, 1, 0, 1, 0, 0),
        CP1 = CFrame.new(-20, 42.3125, -1045, 1, 0, 0, 0, 1, 0, 0, 0, 1),
        CP2 = CFrame.new(372, 294.5235290527344, -2030, 0.9146232008934021, 0, -0.4043073356151581, 0, 1, 0, 0.4043073356151581, 0, 0.9146232008934021),
        CP3 = CFrame.new(385, 293.78125, -3020.999755859375, 0.8943938612937927, 0, -0.44728031754493716, 0, 1, 0, 0.44728031754493716, 0, 0.8943938612937927),
        CP4 = CFrame.new(-419.449462890625, 292.90625, -3719.3388671875, 0.6874574422836304, 0, -0.7262246608734131, 0, 1, 0, 0.7262246608734131, 0, 0.6874574422836304),
        CP5 = CFrame.new(-540.033935546875, 294.8125, -4767.44140625, 0.3242985010147095, 0, 0.9459547996520996, 0, 1, 0, -0.9459547996520996, 0, 0.3242985010147095),
        CP6 = CFrame.new(-401.99951171875, 679.203125, -5176.0009765625, 0.985408365726471, 0, 0.1702069491147995, 0, 1, 0, -0.1702069491147995, 0, 0.985408365726471),
        CP7 = CFrame.new(60, 680.125, -6023.0009765625, 0.9408937096595764, 0, 0.338701993227005, 0, 1, 0, -0.338701993227005, 0, 0.9408937096595764),
        CP8 = CFrame.new(841.9995727539063, 425.40625, -6804, 0, 0, -1, 0, 1, 0, 1, 0, 0),
        CP9 = CFrame.new(1590.0001220703126, 424.171875, -6537, 0.9999937415122986, 0, 0.0035372376441955568, 0, 1, 0, -0.0035372376441955568, 0, 0.9999937415122986),
        CP10 = CFrame.new(2226.59814453125, 1251.3125, -6426.65625, -0.2598099708557129, 0, 0.9656597971916199, 0, 1, 0, -0.9656597971916199, 0, -0.2598099708557129),
        CP11 = CFrame.new(3119.551513671875, 1042.5625, -6256.40625, 0.8185842037200928, 0, 0.5743865370750427, 0, 1, 0, -0.5743865370750427, 0, 0.8185842037200928),
        CP12 = CFrame.new(3940.944580078125, 1043.4375, -6623.72119140625, -0.2598099708557129, 0, 0.9656597971916199, 0, 1, 0, -0.9656597971916199, 0, -0.2598099708557129),
        CP13 = CFrame.new(4617.0791015625, 1044.453125, -5996.47802734375, -0.7078604698181152, 0, 0.7063522338867188, 0, 1, 0, -0.7063522338867188, 0, -0.7078604698181152),
        CP14 = CFrame.new(5280.8759765625, 1416.484375, -5660.8310546875, -0.7359836101531982, 0, 0.6769993901252747, 0, 1, 0, -0.6769993901252747, 0, -0.7359836101531982),
        CP15 = CFrame.new(5816.79541015625, 1416.265625, -4856.607421875, -0.7944316864013672, 0, 0.6073541045188904, 0, 1, 0, -0.6073541045188904, 0, -0.7944316864013672),
        CP16 = CFrame.new(6534.30615234375, 1662.359375, -4379.53857421875, -0.38431692123413088, 0, 0.9232012629508972, 0, 1, 0, -0.9232012629508972, 0, -0.38431692123413088),
        CP17 = CFrame.new(7065, 1661, -4086, -0.5387980937957764, 0, 0.8424350619316101, 0, 1, 0, -0.8424350619316101, 0, -0.5387980937957764),
        CP18 = CFrame.new(7350.1962890625, 2155.828125, -3840.182861328125, -0.9542553424835205, 0, 0.29899320006370547, 0, 1, 0, -0.29899320006370547, 0, -0.9542553424835205),
        CP19 = CFrame.new(7794.9775390625, 2155.6875, -3115.046142578125, -0.04537475109100342, 0, 0.998970091342926, 0, 1, 0, -0.998970091342926, 0, -0.04537475109100342),
        CP20 = CFrame.new(8646, 2155.015625, -3003.000244140625, -0.008770346641540528, 0, 0.9999614953994751, 0, 1, 0, -0.9999614953994751, 0, -0.008770346641540528),
        CP21 = CFrame.new(9017.9873046875, 2397.5, -3006.50048828125, -0.008770346641540528, 0, 0.9999614953994751, 0, 1, 0, -0.9999614953994751, 0, -0.008770346641540528),
    }

    local running = false

    ui:Label("Auto naik gunung")
    ui:Toggle("Auto Summit", false, function(bool)
        running = bool

        while running do
            if not hrp then
                hrp = plr.Character and plr.Character:FindFirstChild("HumanoidRootPart")
            end

            for name, cf in pairs(cps) do
                if not running or not hrp then break end
                hrp.CFrame = cf

                local delay = math.random(5, 10)
                for i = delay, 1, -1 do
                    task.wait(1)
                    if not running then break end
                end
            end

            if hrp then
                hrp.CFrame = cps.CP0
            end
        end
    end)

    ui:Button("Reset ke Basecamp", function()
        if hrp then
            hrp.CFrame = cps.CP0
        end
    end)
end
